def capture(matrix):
    return 0


if __name__ == '__main__':
    # These "asserts" using only for self-checking and not necessary for auto-testing
    # Rank_01
    assert capture([[0, 1, 0, 1, 0, 1],
                    [1, 8, 1, 0, 0, 0],
                    [0, 1, 2, 0, 0, 1],
                    [1, 0, 0, 1, 1, 0],
                    [0, 0, 0, 1, 3, 1],
                    [1, 0, 1, 0, 1, 2]]) == 8, "Base example"
    assert capture([[0, 1, 0, 1, 0, 1],
                    [1, 1, 1, 0, 0, 0],
                    [0, 1, 2, 0, 0, 1],
                    [1, 0, 0, 1, 1, 0],
                    [0, 0, 0, 1, 3, 1],
                    [1, 0, 1, 0, 1, 2]]) == 4, "Low security"
    assert capture([[0, 1, 1],
                    [1, 9, 1],
                    [1, 1, 9]]) == 9, "Small"

    # Rank_02
    assert capture([[0, 8, 1],
                    [8, 1, 2],
                    [1, 2, 1]]) == 3, "Small2"
    assert capture([[0, 8, 2, 1, 1, 1, 1, 1, 1, 9],
                    [8, 1, 2, 1, 1, 3, 1, 1, 1, 1],
                    [2, 2, 2, 2, 2, 2, 2, 2, 2, 2],
                    [1, 1, 2, 3, 1, 1, 1, 1, 1, 1],
                    [1, 1, 2, 1, 4, 1, 1, 1, 1, 1],
                    [1, 3, 2, 1, 1, 5, 1, 1, 1, 1],
                    [1, 1, 2, 1, 1, 1, 6, 1, 1, 1],
                    [1, 1, 2, 1, 1, 1, 1, 7, 1, 1],
                    [1, 1, 2, 1, 1, 1, 1, 1, 8, 7],
                    [9, 1, 2, 1, 1, 1, 1, 1, 7, 9]]) == 3, "89"
